2.817 940 3227 e-15
-1.758 820 024 e11
-2143.923 499
2.724 437 107 484 e-4
-2.002 319 304 361 82
1.760 859 644 e11
28 024.951 64
1.819 543 074 854 e-4
-928.476 4620 e-26
1.159 652 180 91 e-3
-1.001 159 652 180 91
-1838.281 972 34
9.109 383 56 e-31
8.187 105 65 e-14
0.510 998 9461
5.485 799 090 70 e-4
5.485 799 090 70 e-7
206.766 9880
4.836 331 70 e-3
960.920 50
5.438 673 4428 e-4
-658.210 6866
5.446 170 213 52 e-4
2.875 92 e-4
1.370 933 554 798 e-4
864.058 257
-658.227 5971
1.819 200 062 203 e-4
1.602 176 6208 e-19
1.073 544 1105 e-9
3.674 932 248 e-2
2.417 989 262 e14
8.065 544 005 e5
1.602 176 6208 e-19
1.160 452 21 e4
1.782 661 907 e-36
